Full Linear Model Fit

Call:
lm(formula = as.formula(paste(response.name, "~", paste(covariate.names, 
    collapse = " + "))), data = data)

Residuals:
    Min      1Q  Median      3Q     Max 
-9.0108 -2.7731  0.2733  1.8362 11.9854 

Coefficients:
             Estimate Std. Error t value Pr(>|t|)    
(Intercept) 192.43775   23.53161   8.178 4.62e-12 ***
VOL          -0.01565    0.02283  -0.685    0.495    
HP            0.39221    0.08141   4.818 7.13e-06 ***
SP           -1.29482    0.24477  -5.290 1.11e-06 ***
WT           -1.85980    0.21336  -8.717 4.22e-13 ***
---
Signif. codes:  0 ‘***’ 0.001 ‘**’ 0.01 ‘*’ 0.05 ‘.’ 0.1 ‘ ’ 1 

Residual standard error: 3.653 on 77 degrees of freedom
Multiple R-squared: 0.8733,	Adjusted R-squared: 0.8667 
F-statistic: 132.7 on 4 and 77 DF,  p-value: < 2.2e-16 

Diagnostics

$std.dev
[1] 3.652755

$hat
 [1] 0.12038295 0.07935281 0.07935281 0.04125673 0.08936735 0.03937905
 [7] 0.07935281 0.11031563 0.11031563 0.03058474 0.03123180 0.11952295
[13] 0.07138968 0.03123180 0.04046573 0.03123180 0.02741211 0.11952295
[19] 0.02741211 0.02988538 0.03177964 0.03987106 0.03485607 0.01906514
[25] 0.03141372 0.09952727 0.05398378 0.03177964 0.02908511 0.10317004
[31] 0.03253856 0.03274598 0.02261774 0.01967438 0.03157209 0.02382883
[37] 0.01506168 0.01848099 0.02680703 0.02680703 0.05139535 0.01965902
[43] 0.01620847 0.02061557 0.02490690 0.01713009 0.01547845 0.01804429
[49] 0.01480370 0.05500633 0.02791245 0.02791245 0.02791245 0.02998620
[55] 0.08969895 0.03832644 0.03366682 0.06470436 0.02791245 0.05451092
[61] 0.04067763 0.02685197 0.06100367 0.04639227 0.04112996 0.03451562
[67] 0.17317676 0.02959336 0.03951431 0.03505601 0.12577566 0.21454487
[73] 0.05087895 0.04574940 0.12298114 0.09283569 0.05906265 0.30968519
[79] 0.08774863 0.19029176 0.26241581 0.20069443

$std.res
 [1]  3.49852344  1.77565672  1.74712468  1.03414677 -1.08643837  0.23792705
 [7] -1.24873992  3.47279285  1.76036009  0.40235478 -0.93594293  0.38542081
[13]  0.59308740 -1.13064367 -1.67797221 -1.43660198 -1.00220230 -0.22726775
[19] -1.19652034  1.02977494  0.79368435 -0.50728986  0.58580178 -0.26369759
[25]  0.19873217 -0.11941260  0.17853725  0.09812787 -2.50351673  0.97495197
[31]  0.36257336 -0.83206461 -0.88406270 -0.18149145 -0.14078492 -1.19444476
[37] -0.74708507 -0.81925044 -0.26880053 -0.35205380  0.41778034 -0.74244133
[43] -0.77136564 -0.51861435 -0.85287225 -1.12324796 -0.82100262 -0.79783460
[49] -0.97181676  0.08235889  1.10132292  0.79588744  0.43491823  0.53540458
[55]  1.84670086  0.67603403  0.14255628 -0.98685823 -0.48138823 -0.68531454
[61] -0.22660928  0.16634526  0.23994796  0.56166642  0.13372518  0.03046861
[67] -0.12360029  0.16417457  0.22183401  0.20388023  0.80453695  1.07749319
[73]  0.16891759  0.07123383  1.22104501  1.06118206  0.22789905 -0.82759011
[79] -0.52148196 -1.14937250 -0.82910123  0.14997182

$stud.res
 [1]  3.78998111  1.80135476  1.77120481  1.03461967 -1.08772973  0.23646396
 [7] -1.25336073  3.75690751  1.78518309  0.40015442 -0.93518027  0.38327979
[13]  0.59057408 -1.13271991 -1.69838145 -1.44676334 -1.00223138 -0.22586293
[19] -1.19993285  1.03018463  0.79175904 -0.50482931  0.58328665 -0.26209804
[25]  0.19748814 -0.11864564  0.17741086  0.09749469 -2.59506407  0.97463482
[31]  0.36051917 -0.83038550 -0.88279498 -0.18034766 -0.13988575 -1.19781202
[37] -0.74492272 -0.81748385 -0.26717475 -0.35004210  0.41552984 -0.74025893
[43] -0.76931856 -0.51613794 -0.85134674 -1.12518678 -0.81924767 -0.79593364
[49] -0.97146166  0.08182595  1.10286884  0.79397499  0.43261655  0.53290946
[55]  1.87669995  0.67363195  0.14164626 -0.98668875 -0.47897340 -0.68293584
[61] -0.22520809  0.16529127  0.23847394  0.55915392  0.13286943  0.03027030
[67] -0.12280725  0.16313357  0.22045928  0.20260670  0.80267647  1.07863624
[73]  0.16784824  0.07077210  1.22500813  1.06206357  0.22649075 -0.82587984
[79] -0.51900194 -1.15180794 -0.82740140  0.14901656

$cooks
 [1] 3.350202e-01 5.435220e-02 5.261952e-02 9.204217e-03 2.316732e-02
 [6] 4.641206e-04 2.688086e-02 2.990810e-01 7.684827e-02 1.021511e-03
[11] 5.648146e-03 4.033050e-03 5.408406e-03 8.242495e-03 2.374797e-02
[16] 1.330700e-02 5.661798e-03 1.402293e-03 8.070189e-03 6.533566e-03
[21] 4.135237e-03 2.137325e-03 2.478664e-03 2.702975e-04 2.561812e-04
[26] 3.152113e-04 3.637914e-04 6.321054e-05 3.755092e-02 2.186955e-02
[31] 8.842731e-04 4.687719e-03 3.617270e-03 1.322126e-04 1.292345e-04
[36] 6.965285e-03 1.707004e-03 2.527492e-03 3.980522e-04 6.828067e-04
[41] 1.891318e-03 2.210746e-03 1.960602e-03 1.132299e-03 3.715965e-03
[46] 4.397895e-03 2.119441e-03 2.339396e-03 2.838221e-03 7.896503e-05
[51] 6.965493e-03 3.637691e-03 1.086270e-03 1.772302e-03 6.720869e-02
[56] 3.642822e-03 1.416048e-04 1.347486e-02 1.330802e-03 5.415479e-03
[61] 4.354882e-04 1.527032e-04 7.480940e-04 3.069466e-03 1.534104e-04
[66] 6.637517e-06 6.399498e-04 1.643926e-04 4.049018e-04 3.020234e-04
[71] 1.862497e-02 6.342432e-02 3.059118e-04 4.865479e-05 4.181412e-02
[76] 2.304830e-02 6.520296e-04 6.145169e-02 5.231598e-03 6.209306e-02
[81] 4.891291e-02 1.129462e-03

$dfits
 [1]  1.402079777  0.528851571  0.519999986  0.214623358 -0.340752332
 [6]  0.047876407 -0.367968491  1.322912279  0.628612927  0.071076345
[11] -0.167912848  0.141215557  0.163747752 -0.203381350 -0.348777699
[16] -0.259768261 -0.168257630 -0.083216907 -0.201448350  0.180814352
[21]  0.143443351 -0.102874723  0.110847317 -0.036539588  0.035565712
[26] -0.039444601  0.042380156  0.017663157 -0.449151536  0.330570182
[31]  0.066116627 -0.152787735 -0.134292649 -0.025549112 -0.025257568
[36] -0.187144496 -0.092117783 -0.112174050 -0.044342511 -0.058095854
[41]  0.096721166 -0.104827681 -0.098747395 -0.074883618 -0.136064018
[46] -0.148544446 -0.102722668 -0.107894889 -0.119082900  0.019741628
[51]  0.186883145  0.134540517  0.073307667  0.093696898  0.589109471
[56]  0.134480119  0.026438857 -0.259520998 -0.081162920 -0.163980945
[61] -0.046374528  0.027456711  0.060783676  0.123330164  0.027518473
[66]  0.005723371 -0.056203384  0.028488107  0.044715710  0.038617484
[71]  0.304458000  0.563732905  0.038861992  0.015496140  0.458726434
[76]  0.339754345  0.056744869 -0.553163466 -0.160965163 -0.558374768
[81] -0.493520796  0.074669936

$correlation
            (Intercept)        VOL         HP         SP         WT
(Intercept)   1.0000000  0.1048949  0.9813776 -0.9960973 -0.8658392
VOL           0.1048949  1.0000000  0.2324465 -0.1501090 -0.4259870
HP            0.9813776  0.2324465  1.0000000 -0.9836780 -0.9227939
SP           -0.9960973 -0.1501090 -0.9836780  1.0000000  0.8554685
WT           -0.8658392 -0.4259870 -0.9227939  0.8554685  1.0000000

$std.err
                   [,1]
(Intercept) 23.53161326
VOL          0.02282527
HP           0.08141236
SP           0.24477349
WT           0.21336303

$cov.scaled
             (Intercept)           VOL            HP            SP           WT
(Intercept) 553.73682242  0.0563406818  1.8800881194 -5.7374357022 -4.347184659
VOL           0.05634068  0.0005209929  0.0004319459 -0.0008386619 -0.002074586
HP            1.88008812  0.0004319459  0.0066279723 -0.0196023302 -0.016029288
SP           -5.73743570 -0.0008386619 -0.0196023302  0.0599140620  0.044677367
WT           -4.34718466 -0.0020745859 -0.0160292882  0.0446773667  0.045523781

$cov.unscaled
             (Intercept)           VOL            HP            SP
(Intercept) 41.501366600  4.222611e-03  0.1409085022 -4.300083e-01
VOL          0.004222611  3.904728e-05  0.0000323734 -6.285588e-05
HP           0.140908502  3.237340e-05  0.0004967521 -1.469152e-03
SP          -0.430008287 -6.285588e-05 -0.0014691519  4.490428e-03
WT          -0.325812005 -1.554857e-04 -0.0012013602  3.348471e-03
                       WT
(Intercept) -0.3258120047
VOL         -0.0001554857
HP          -0.0012013602
SP           0.0033484711
WT           0.0034119080

Influence measures of
	 lm(formula = as.formula(paste(response.name, "~", paste(covariate.names,      collapse = " + "))), data = data) :

      dfb.1_  dfb.VOL    dfb.HP    dfb.SP    dfb.WT    dffit cov.r   cook.d
1   1.128590  0.34207  1.100222 -1.08e+00 -1.200667  1.40208 0.511 3.35e-01
2   0.411712  0.11680  0.393645 -3.94e-01 -0.422701  0.52885 0.941 5.44e-02
3   0.404821  0.11485  0.387057 -3.87e-01 -0.415627  0.52000 0.947 5.26e-02
4   0.014160  0.06282  0.017605 -2.64e-03 -0.079310  0.21462 1.038 9.20e-03
5  -0.276192 -0.07057 -0.263328  2.65e-01  0.275099 -0.34075 1.085 2.32e-02
6   0.002759  0.00982  0.002968  7.67e-05 -0.016182  0.04788 1.107 4.64e-04
7  -0.286464 -0.08127 -0.273893  2.74e-01  0.294111 -0.36797 1.047 2.69e-02
8   0.604204 -0.94093  0.414300 -5.25e-01 -0.214967  1.32291 0.512 2.99e-01
9   0.287102 -0.44710  0.196864 -2.50e-01 -0.102147  0.62861 0.977 7.68e-02
10 -0.010768  0.01684 -0.009812  1.44e-02 -0.010312  0.07108 1.090 1.02e-03
11 -0.079920 -0.01346 -0.072445  7.08e-02  0.092540 -0.16791 1.041 5.65e-03
12 -0.078979 -0.09464 -0.088269  8.81e-02  0.077158  0.14122 1.201 4.03e-03
13 -0.098815  0.04565 -0.088819  1.04e-01  0.035830  0.16375 1.124 5.41e-03
14 -0.096801 -0.01630 -0.087748  8.58e-02  0.112087 -0.20338 1.013 8.24e-03
15 -0.227567 -0.01400 -0.204560  2.12e-01  0.217426 -0.34878 0.923 2.37e-02
16 -0.123639 -0.02082 -0.112075  1.10e-01  0.143163 -0.25977 0.962 1.33e-02
17  0.005547 -0.02275  0.007275 -1.52e-02  0.034125 -0.16826 1.028 5.66e-03
18  0.046542  0.05577  0.052016 -5.19e-02 -0.045468 -0.08322 1.208 1.40e-03
19  0.006641 -0.02724  0.008711 -1.82e-02  0.040857 -0.20145 0.999 8.07e-03
20 -0.064641  0.07024 -0.057295  6.97e-02  0.005938  0.18081 1.027 6.53e-03
21 -0.070349  0.03417 -0.065925  7.52e-02  0.026164  0.14344 1.058 4.14e-03
22 -0.064321 -0.04623 -0.062731  6.31e-02  0.069295 -0.10287 1.093 2.14e-03
23 -0.051801  0.03589 -0.046357  5.51e-02  0.013546  0.11085 1.082 2.48e-03
24 -0.000992 -0.00451  0.000495 -6.44e-04  0.005263 -0.03654 1.083 2.70e-04
25 -0.019086 -0.00292 -0.019165  2.09e-02  0.010988  0.03557 1.099 2.56e-04
26  0.014947  0.03297  0.019143 -1.74e-02 -0.020374 -0.03944 1.184 3.15e-04
27 -0.013795  0.02826 -0.010175  1.40e-02 -0.002809  0.04238 1.126 3.64e-04
28 -0.008663  0.00421 -0.008118  9.26e-03  0.003222  0.01766 1.102 6.32e-05
29  0.164493 -0.16041  0.148094 -1.78e-01 -0.021962 -0.44915 0.719 3.76e-02
30  0.256756  0.00561  0.223740 -2.57e-01 -0.163214  0.33057 1.119 2.19e-02
31 -0.037210  0.02460 -0.033622  3.80e-02  0.016736  0.06612 1.094 8.84e-04
32 -0.074493 -0.08693 -0.074485  7.54e-02  0.082849 -0.15279 1.055 4.69e-03
33 -0.071174 -0.01940 -0.061913  6.89e-02  0.056720 -0.13429 1.038 3.62e-03
34  0.011511 -0.00173  0.011407 -1.24e-02 -0.006470 -0.02555 1.087 1.32e-04
35  0.007492 -0.01556  0.005599 -7.54e-03  0.001005 -0.02526 1.101 1.29e-04
36 -0.098002 -0.01969 -0.082910  9.50e-02  0.071703 -0.18714 0.996 6.97e-03
37 -0.006553 -0.00292 -0.000717  3.62e-03  0.005225 -0.09212 1.045 1.71e-03
38 -0.001795  0.04836  0.011198 -3.76e-03 -0.016221 -0.11217 1.041 2.53e-03
39  0.017156  0.02744  0.022080 -1.88e-02 -0.026049 -0.04434 1.092 3.98e-04
40  0.022477  0.03595  0.028928 -2.46e-02 -0.034128 -0.05810 1.088 6.83e-04
41 -0.077312 -0.01255 -0.074164  7.97e-02  0.057558  0.09672 1.113 1.89e-03
42 -0.001113 -0.04584  0.000428  2.69e-03  0.002764 -0.10483 1.051 2.21e-03
43  0.002404 -0.01363  0.008330 -2.30e-03 -0.011585 -0.09875 1.044 1.96e-03
44  0.030986  0.03329  0.037974 -3.32e-02 -0.041833 -0.07488 1.071 1.13e-03
45  0.012844  0.08182  0.031801 -1.71e-02 -0.054187 -0.13606 1.044 3.72e-03
46 -0.019614  0.00877 -0.005437  1.87e-02 -0.010661 -0.14854 1.000 4.40e-03
47  0.026274  0.01683  0.034101 -2.80e-02 -0.037473 -0.10272 1.038 2.12e-03
48  0.019242 -0.04386  0.019174 -1.82e-02 -0.010797 -0.10789 1.043 2.34e-03
49  0.006065 -0.00422  0.013850 -6.87e-03 -0.018152 -0.11908 1.019 2.84e-03
50 -0.015584 -0.00563 -0.015366  1.62e-02  0.012700  0.01974 1.129 7.90e-05
51 -0.024656 -0.07231 -0.044189  2.24e-02  0.090535  0.18688 1.014 6.97e-03
52 -0.017750 -0.05206 -0.031812  1.62e-02  0.065178  0.13454 1.054 3.64e-03
53 -0.009671 -0.02837 -0.017334  8.80e-03  0.035514  0.07331 1.085 1.09e-03
54 -0.003769  0.04279 -0.003299 -8.21e-04  0.010667  0.09370 1.080 1.77e-03
55 -0.382418  0.20786 -0.305599  3.78e-01  0.172978  0.58911 0.935 6.72e-02
56 -0.067238  0.05669 -0.050686  6.48e-02  0.027944  0.13448 1.078 3.64e-03
57 -0.011436  0.01390 -0.009694  1.03e-02  0.007948  0.02644 1.103 1.42e-04
58 -0.024199  0.15192  0.014925  2.45e-02 -0.096303 -0.25952 1.071 1.35e-02
59  0.010708  0.03141  0.019191 -9.74e-03 -0.039319 -0.08116 1.082 1.33e-03
60  0.014733  0.09538  0.038212 -1.43e-02 -0.085300 -0.16398 1.095 5.42e-03
61  0.017006  0.00337  0.020653 -1.56e-02 -0.028253 -0.04637 1.109 4.35e-04
62 -0.015673  0.00714 -0.013644  1.51e-02  0.011374  0.02746 1.095 1.53e-04
63 -0.005469 -0.01213 -0.010816  3.00e-03  0.028444  0.06078 1.133 7.48e-04
64 -0.024150  0.04445 -0.021658  1.64e-02  0.037554  0.12333 1.097 3.07e-03
65 -0.006434  0.00375 -0.006709  4.91e-03  0.011789  0.02752 1.112 1.53e-04
66 -0.000932  0.00113 -0.000839  6.13e-04  0.001802  0.00572 1.106 6.64e-06
67  0.011134  0.05125  0.016965 -1.25e-02 -0.030472 -0.05620 1.290 6.40e-04
68 -0.006705  0.00339 -0.005407  5.41e-03  0.009152  0.02849 1.098 1.64e-04
69 -0.007191  0.02287 -0.003098  4.60e-03  0.004647  0.04472 1.108 4.05e-04
70 -0.007135  0.01582 -0.004039  4.99e-03  0.006457  0.03862 1.103 3.02e-04
71 -0.023564  0.13811  0.028876  1.96e-02 -0.080975  0.30446 1.171 1.86e-02
72 -0.125998 -0.20194 -0.081962  1.43e-01  0.047185  0.56373 1.260 6.34e-02
73 -0.004410  0.02519 -0.000534  2.02e-03  0.000644  0.03886 1.123 3.06e-04
74 -0.001997  0.00923 -0.000540  1.05e-03  0.000849  0.01550 1.118 4.87e-05
75 -0.011833  0.22848 -0.002018 -2.18e-02  0.066904  0.45873 1.104 4.18e-02
76 -0.032745 -0.02124 -0.051930  1.38e-02  0.149048  0.33975 1.093 2.30e-02
77  0.000454  0.01206  0.001966 -4.16e-03  0.010366  0.05674 1.131 6.52e-04
78 -0.227147  0.12231 -0.268042  2.17e-01  0.244892 -0.55316 1.479 6.15e-02
79 -0.055712 -0.05402 -0.075969  6.13e-02  0.067862 -0.16097 1.150 5.23e-03
80 -0.178561  0.31699 -0.180702  1.67e-01  0.082897 -0.55837 1.209 6.21e-02
81 -0.209221 -0.23961 -0.284629  2.19e-01  0.321131 -0.49352 1.384 4.89e-02
82  0.035882 -0.01820  0.033962 -3.86e-02 -0.008600  0.07467 1.334 1.13e-03
      hat inf
1  0.1204   *
2  0.0794    
3  0.0794    
4  0.0413    
5  0.0894    
6  0.0394    
7  0.0794    
8  0.1103   *
9  0.1103    
10 0.0306    
11 0.0312    
12 0.1195   *
13 0.0714    
14 0.0312    
15 0.0405    
16 0.0312    
17 0.0274    
18 0.1195   *
19 0.0274    
20 0.0299    
21 0.0318    
22 0.0399    
23 0.0349    
24 0.0191    
25 0.0314    
26 0.0995    
27 0.0540    
28 0.0318    
29 0.0291   *
30 0.1032    
31 0.0325    
32 0.0327    
33 0.0226    
34 0.0197    
35 0.0316    
36 0.0238    
37 0.0151    
38 0.0185    
39 0.0268    
40 0.0268    
41 0.0514    
42 0.0197    
43 0.0162    
44 0.0206    
45 0.0249    
46 0.0171    
47 0.0155    
48 0.0180    
49 0.0148    
50 0.0550    
51 0.0279    
52 0.0279    
53 0.0279    
54 0.0300    
55 0.0897    
56 0.0383    
57 0.0337    
58 0.0647    
59 0.0279    
60 0.0545    
61 0.0407    
62 0.0269    
63 0.0610    
64 0.0464    
65 0.0411    
66 0.0345    
67 0.1732   *
68 0.0296    
69 0.0395    
70 0.0351    
71 0.1258    
72 0.2145   *
73 0.0509    
74 0.0457    
75 0.1230    
76 0.0928    
77 0.0591    
78 0.3097   *
79 0.0877    
80 0.1903   *
81 0.2624   *
82 0.2007   *

Non-constant Variance Score Test 
Variance formula: ~ fitted.values 
Chisquare = 26.29492    Df = 1     p = 2.930583e-07 

Possible Influential Points

Cook: 1 2 3 8 9 55 72 78 80 81 
Leverage: 1 2 5 7 8 9 12 18 26 30 55 67 71 72 75 76 78 79 80 81 82 

Influence Plot:
      StudRes        Hat     CookD
1   3.7899811 0.12038295 0.5788093
8   3.7569075 0.11031563 0.5468830
9   1.7851831 0.11031563 0.2772152
29 -2.5950641 0.02908511 0.1937806
72  1.0786362 0.21454487 0.2518419
78 -0.8258798 0.30968519 0.2478945
81 -0.8274014 0.26241581 0.2211626

Full Linear Model Fit Sans Influential Points

Call:
lm(formula = as.formula(paste(response.name, "~", paste(covariate.names, 
    collapse = " + "))), data = data, subset = setdiff(1:N, infpts))

Residuals:
    Min      1Q  Median      3Q     Max 
-8.8038 -0.9392 -0.2860  0.6782  5.8150 

Coefficients:
            Estimate Std. Error t value Pr(>|t|)   
(Intercept) 71.24048   36.39931   1.957  0.05541 . 
VOL          0.02002    0.03182   0.629  0.53189   
HP           0.02508    0.13946   0.180  0.85792   
SP          -0.10473    0.37058  -0.283  0.77854   
WT          -1.03283    0.33935  -3.044  0.00358 **
---
Signif. codes:  0 ‘***’ 0.001 ‘**’ 0.01 ‘*’ 0.05 ‘.’ 0.1 ‘ ’ 1 

Residual standard error: 2.205 on 55 degrees of freedom
Multiple R-squared:  0.89,	Adjusted R-squared: 0.882 
F-statistic: 111.2 on 4 and 55 DF,  p-value: < 2.2e-16 


Model Selection

submodel                     dCp                    dAIC                    dBIC
    0000  6.9947832781521392e+03  2.6552605228668426e+02  2.6191597341578790e+02
    1000  5.9195164177230890e+03  2.2470829521675427e+02  2.2230157596949002e+02
    0100  1.9630989431474554e+03  7.4520380674297201e+01  7.2113661427032952e+01
    0010  3.1785279749983406e+03  1.2065877550777509e+02  1.1825205626051084e+02
    0001  3.7966546003017334e+02  1.4412322266838260e+01  1.2005603019574011e+01
    1100  1.2147744270447879e+03  4.6113545653301884e+01  4.4910186029669745e+01
    1010  1.9165501045973447e+03  7.2753359617712533e+01  7.1549999994080395e+01
    0110  1.2965300892529053e+03  4.9217038267005847e+01  4.8013678643373709e+01
    1001  4.0212587831069868e+02  1.5264932842688864e+01  1.4061573219056726e+01
    0101  3.7062875779035289e+02  1.4069283780009869e+01  1.2865924156377730e+01
    0011  3.2302776031007784e+02  1.2262322156863661e+01  1.1058962533231522e+01
    1110  1.0074956501036722e+03  3.8245122404808285e+01  3.8245122404808285e+01
    1101  3.6709345651290505e+02  1.3935081681886714e+01  1.3935081681886714e+01
    1011  3.0340413337315772e+02  1.1517397834707452e+01  1.1517397834707452e+01
    0111  0.0000000000000000e+00  0.0000000000000000e+00  0.0000000000000000e+00
    1111  2.0074653636979747e+01  7.6204555870930335e-01  1.9654051823414136e+00

minScore  1.1126792828234597e+03  1.4793840470066738e+02  1.5154848357156376e+02
selected                    0111                    0111                    0111

